双
口口	33	13,20
牛山	21	7,14
八乂	20	7,13
士口	19	11,8
木木	17	11,6
八刀	17	6,11
人之	17	5,12
口木	16	5,11
火火	15	9,6
彐二	15	5,10
小丿	15	4,11
土半	15	5,10
日木	14	4,10
丰月	14	4,10
⺈彐	14	5,9
矢母	13	4,9
㇕止	13	4,9
冂土	13	4,9
土厶	12	5,7
口一	12	7,5
西示	11	4,7
立口	11	4,7
氏丶	11	5,6

头
亠口	21	21,0
一夕	19	18,1
艹日	15	15,0
人一	15	14,1
口小	14	4,10
艹氵	13	13,0
艹勹	13	13,0
立日	13	10,3
氵亠	13	13,0
木人	13	13,0
扌人	13	13,0
氵日	12	12,0
氵宀	12	12,0
長彡	11	11,0
氵一	11	11,0
扌亠	11	11,0
小冖	11	11,0

尾
人人	48	7,41
一口	45	7,38
日十	35	1,34
十口	35	9,26
口儿	31	1,30
习习	30	9,21
甲二	28	3,25
大丶	27	2,25
丁口	27	3,24
勹彡	25	4,21
冂厶	24	0,24
冂口	23	0,23
日一	22	6,16
廿八	22	3,19
夂口	22	1,21
土土	22	6,16
口䒑	22	0,22
匕匕	22	4,18
卜口	21	4,17
冂艹	21	2,19
一十	21	2,19
二厶	19	4,15
一大	19	4,15
小月	18	2,16
八夂	17	0,17
口田	16	2,14
勹巳	16	2,14
一止	16	3,13
由八	15	0,15
冂大	15	3,12
亠𧘇	15	2,13
⺮皿	15	0,15
月刂	14	0,14
日日	14	3,11
厶口	14	2,12
冖巾	14	0,14
冂人	14	2,12
人乚	14	0,14
丿士	14	1,13
鬼十	13	1,12
木四	13	2,11
日乚	13	2,11
户口	13	3,10
因口	13	3,10
口月	13	1,12
凵山	13	2,11
人口	13	0,13
㇆丿	13	3,10
矢卜	12	2,10
日小	12	1,11
數女	12	2,10
手戈	12	2,10
廿日	12	2,10
夕㐄	12	2,10
四日	12	0,12
十又	12	2,10
一了	12	1,11
土尤	11	0,11
土寸	11	1,10
四貝	11	1,10
又用	11	3,8
又丶	11	2,9
勹口	11	3,8
人彡	11	0,11
